60.000	-0.000
60.000	0.009
60.000	-0.024
60.000	0.012
60.000	-0.009
60.000	0.017
60.000	-0.015
60.000	0.017
60.000	0.025
60.000	0.018
60.000	0.016
60.000	0.004
60.000	0.023
60.000	-0.001
60.000	0.047
60.000	0.038
60.000	0.015
60.000	0.049
60.000	0.012
60.000	0.041
60.000	0.017
60.000	0.036
60.000	0.022
60.000	0.031
60.000	0.016
60.000	0.038
60.000	0.020
60.000	0.009
60.000	0.050
60.000	0.022
60.000	0.021
60.000	0.049
60.000	0.072
60.000	0.024
60.000	0.054
60.000	0.021
60.000	0.041
60.000	0.035
60.000	0.022
60.000	0.042
60.000	0.007
60.000	0.038
60.000	0.048
60.000	0.061
60.000	0.016
60.000	0.052
60.000	0.037
60.000	0.031
60.000	0.039
60.000	0.005
60.000	0.035
60.000	0.024
60.000	0.043
60.000	0.012
60.000	0.047
60.000	0.058
60.000	0.062
60.000	0.075
60.000	0.028
60.000	0.082
60.000	0.034
60.000	0.037
60.000	0.055
60.000	0.020
60.000	0.052
60.000	0.045
60.000	0.075
60.000	0.036
60.000	0.074
60.000	0.010
60.000	0.084
60.000	0.021
60.000	0.043
60.000	0.032
60.000	0.033
60.000	0.017
60.000	0.021
60.000	0.045
60.000	0.060
60.000	0.055
60.000	0.048
60.000	0.032
60.000	0.067
60.000	0.077
60.000	0.029
60.000	0.024
60.000	0.023
60.000	0.047
60.000	0.023
60.000	0.024
60.000	0.040
60.000	0.034
60.000	0.038
60.000	0.080
60.000	-0.003
60.000	0.063
60.000	0.001
60.000	0.033
60.000	-0.018
60.000	0.082
60.000	0.023
60.000	0.082
60.000	0.015
60.000	0.021
60.000	0.044
60.000	0.052
60.000	0.069
60.000	0.027
60.000	0.060
60.000	0.031
60.000	0.083
60.000	0.039
60.000	0.044
60.000	0.052
60.000	0.065
60.000	0.047
60.000	0.103
60.000	0.064
60.000	0.073
60.000	0.062
60.000	0.069
60.000	0.041
60.000	0.040
60.000	0.053
60.000	0.121
60.000	0.051
60.000	0.057
60.000	0.084
60.000	0.075
60.000	0.028
60.000	0.049
60.000	0.063
60.000	0.115
60.000	0.116
60.000	0.117
60.000	0.098
60.000	0.121
60.000	0.084
60.000	0.056
60.000	0.122
60.000	0.042
60.000	0.112
60.000	0.078
60.000	0.083
60.000	0.086
60.000	0.085
60.000	0.038
60.000	0.063
60.000	0.082
60.000	0.077
60.000	0.082
60.000	0.073
60.000	0.086
60.000	0.074
60.000	0.046
60.000	0.068
60.000	0.060
60.000	0.051
60.000	0.054
60.000	0.081
60.000	0.105
60.000	0.045
60.000	0.047
60.000	0.067
60.000	-0.002
60.000	0.017
60.000	-0.010
60.000	0.020
60.000	0.038
60.000	0.005
60.000	0.024
60.000	0.009
60.000	-0.025
60.000	0.019
60.000	-0.008
60.000	-0.015
60.000	0.002
60.000	0.023
60.000	0.014
60.000	0.002
60.000	0.024
60.000	0.024
60.000	-0.029
60.000	-0.023
60.000	0.008
60.000	0.021
60.000	0.038
60.000	0.011
60.000	0.037
60.000	-0.013
60.000	-0.006
60.000	-0.010
60.000	0.024
60.000	0.009
60.000	0.030
60.000	0.021
60.000	0.045
60.000	0.069
60.000	0.007
60.000	0.006
60.000	0.015
60.000	0.035
60.000	0.038
60.000	0.028
60.000	0.070
60.000	0.048
60.000	0.036
60.000	-0.000
60.000	0.045
60.000	0.022
60.000	0.009
60.000	0.018
60.000	0.063
60.000	0.080
60.000	0.011
60.000	0.030
60.000	0.037
60.000	0.020
60.000	0.031
60.000	0.044
60.000	0.062
60.000	0.056
60.000	-0.004
60.000	0.060
60.000	0.027
60.000	0.081
60.000	-0.006
60.000	0.002
60.000	0.061
60.000	0.016
60.000	0.059
60.000	0.052
60.000	0.020
60.000	0.026
60.000	0.005
60.000	0.047
60.000	0.054
60.000	0.006
60.000	0.007
60.000	-0.001
60.000	0.050
60.000	0.046
60.000	0.070
60.000	0.017
60.000	0.063
60.000	0.021
60.000	0.011
60.000	0.039
60.000	0.054
60.000	0.028
60.000	0.037
60.000	0.050
60.000	0.058
60.000	0.032
60.000	0.073
60.000	-0.013
60.000	0.086
60.000	0.030
60.000	0.036
60.000	0.070
60.000	0.024
60.000	0.019
60.000	0.062
60.000	0.007
60.000	0.071
60.000	-0.001
60.000	0.031
60.000	0.087
60.000	0.032
60.000	0.074
60.000	0.055
60.000	0.061
60.000	0.061
60.000	0.022
60.000	0.055
60.000	0.057
60.000	0.065
60.000	0.045
60.000	0.066
60.000	0.081
60.000	0.045
60.000	0.054
60.000	0.064
60.000	0.063
60.000	0.061
60.000	0.060
60.000	0.069
60.000	0.086
60.000	0.066
60.000	0.114
60.000	0.060
60.000	0.074
60.000	0.055
60.000	0.065
60.000	0.080
60.000	0.108
60.000	0.063
60.000	0.082
60.000	0.108
60.000	0.094
60.000	0.032
60.000	0.037
60.000	0.025
60.000	0.095
60.000	0.019
60.000	0.043
60.000	0.048
60.000	0.058
60.000	0.006
60.000	0.017
60.000	0.026
60.000	0.047
60.000	0.029
60.000	-0.002
60.000	0.008
60.000	0.031
60.000	-0.000
60.000	0.034
60.000	0.049
60.000	-0.063
60.000	-0.011
60.000	0.013
60.000	-0.001
60.000	0.021
60.000	-0.023
60.000	0.022
60.000	-0.038
60.000	0.019
60.000	0.002
60.000	0.013
60.000	0.050
60.000	0.023
60.000	0.014
60.000	0.040
60.000	0.046
60.000	0.017
60.000	-0.001
60.000	0.023
60.000	0.034
60.000	0.050
60.000	0.063
60.000	0.033
60.000	-0.014
60.000	0.068
60.000	0.049
60.000	0.048
60.000	0.071
60.000	0.051
60.000	0.002
60.000	0.104
60.000	0.048
60.000	0.084
60.000	0.117
60.000	0.081
60.000	0.045
60.000	0.064
60.000	0.074
60.000	0.034
60.000	0.127
60.000	0.039
60.000	0.059
60.000	0.056
60.000	0.035
60.000	0.031
60.000	0.026
60.000	0.111
60.000	0.045
60.000	0.075
60.000	0.096
60.000	0.005
60.000	0.048
60.000	0.079
60.000	0.106
60.000	0.034
60.000	0.101
60.000	0.093
60.000	0.048
60.000	0.078
60.000	0.043
60.000	0.044
60.000	0.097
60.000	-0.006
60.000	-0.011
60.000	0.039
60.000	0.087
60.000	0.041
60.000	0.093
60.000	0.065
60.000	0.002
60.000	0.085
60.000	0.060
60.000	0.085
60.000	0.079
60.000	0.065
60.000	0.105
60.000	0.071
60.000	0.113
60.000	0.044
60.000	0.060
60.000	0.086
60.000	0.046
60.000	0.024
60.000	0.090
60.000	0.120
60.000	0.052
60.000	0.051
60.000	0.036
60.000	0.023
60.000	0.082
60.000	0.047
60.000	0.018
60.000	0.059
60.000	0.082
60.000	0.066
60.000	0.079
60.000	0.125
60.000	0.069
60.000	0.066
60.000	0.079
60.000	0.057
60.000	0.044
60.000	0.077
60.000	0.049
60.000	0.065
60.000	0.049
60.000	0.010
60.000	0.065
60.000	0.066
60.000	0.066
60.000	0.056
60.000	0.079
60.000	0.071
60.000	0.046
60.000	0.039
60.000	0.060
60.000	0.044
60.000	0.052
60.000	0.059
60.000	0.066
60.000	0.053
60.000	0.086
60.000	0.070
60.000	0.089
60.000	0.035
60.000	0.069
60.000	0.011
60.000	0.007
60.000	-0.013
60.000	0.042
60.000	0.051
60.000	0.008
60.000	0.009
60.000	0.026
60.000	0.041
60.000	0.031
60.000	0.045
60.000	-0.004
60.000	0.009
60.000	-0.012
60.000	0.025
60.000	0.041
60.000	0.012
60.000	-0.018
60.000	-0.012
60.000	0.007
60.000	-0.002
60.000	0.058
60.000	0.036
60.000	0.014
60.000	-0.021
60.000	0.008
60.000	0.010
60.000	0.029
60.000	0.037
60.000	-0.021
60.000	0.032
60.000	0.067
60.000	0.058
60.000	0.053
60.000	0.008
60.000	0.038
60.000	0.071
60.000	0.099
60.000	0.025
60.000	0.050
60.000	0.032
60.000	0.040
60.000	0.051
60.000	0.051
60.000	0.044
60.000	-0.023
60.000	0.052
60.000	0.041
60.000	0.030
60.000	0.067
60.000	0.064
60.000	-0.000
60.000	0.014
60.000	0.005
60.000	0.088
60.000	0.070
60.000	0.026
60.000	0.041
60.000	0.071
60.000	0.046
60.000	0.050
60.000	0.061
60.000	0.018
60.000	-0.014
60.000	0.095
60.000	0.053
60.000	0.033
60.000	0.058
60.000	0.051
60.000	0.031
60.000	0.034
60.000	0.075
60.000	0.040
60.000	0.058
60.000	0.083
60.000	0.085
60.000	0.091
60.000	0.075
60.000	0.115
60.000	0.025
60.000	0.078
60.000	0.103
60.000	0.090
60.000	0.102
60.000	0.062
60.000	0.041
60.000	0.098
60.000	0.026
60.000	0.076
60.000	0.055
60.000	0.068
60.000	0.064
60.000	0.101
60.000	0.101
60.000	0.042
60.000	0.074
60.000	0.007
60.000	0.035
60.000	0.095
60.000	0.087
60.000	0.073
60.000	0.089
60.000	0.063
60.000	0.052
60.000	0.060
60.000	0.098
60.000	0.086
60.000	0.096
60.000	0.100
60.000	0.086
60.000	0.070
60.000	0.047
60.000	0.082
60.000	0.129
60.000	0.069
60.000	0.095
60.000	0.110
60.000	0.103
60.000	0.067
60.000	0.113
60.000	0.091
60.000	0.077
60.000	0.094
60.000	0.056
60.000	0.072
60.000	0.112
60.000	0.070
60.000	0.027
60.000	0.086
60.000	0.070
60.000	0.080
60.000	0.044
60.000	0.124
60.000	0.073
60.000	0.114
60.000	0.063
60.000	0.094
60.000	0.064
60.000	0.038
60.000	0.095
60.000	0.074
60.000	0.078
60.000	0.077
60.000	0.000
60.000	0.063
60.000	0.086
60.000	0.051
60.000	0.087
60.000	0.063
60.000	0.031
60.000	0.004
60.000	0.058
60.000	0.029
60.000	0.026
60.000	0.054
60.000	0.001
60.000	0.121
60.000	0.114
60.000	0.045
60.000	0.094
60.000	0.066
60.000	0.090
60.000	0.064
60.000	0.120
60.000	-0.016
60.000	0.032
60.000	0.026
60.000	0.013
60.000	0.003
60.000	0.064
60.000	0.038
60.000	0.044
60.000	0.036
60.000	0.047
60.000	0.034
60.000	0.053
60.000	0.035
60.000	0.020
60.000	0.054
60.000	0.086
60.000	0.066
60.000	0.043
60.000	0.038
60.000	0.117
60.000	0.055
60.000	0.124
60.000	0.070
60.000	0.042
60.000	0.044
60.000	0.073
60.000	0.046
60.000	0.022
60.000	0.046
60.000	0.051
60.000	0.095
60.000	0.108
60.000	0.019
60.000	0.112
60.000	0.083
60.000	0.077
60.000	0.098
60.000	0.028
60.000	0.036
60.000	0.065
60.000	0.108
60.000	0.031
60.000	0.090
60.000	0.058
60.000	0.037
60.000	0.047
60.000	0.053
60.000	0.075
60.000	0.053
60.000	0.017
60.000	0.059
60.000	0.049
60.000	0.000
60.000	0.084
60.000	0.041
60.000	-0.001
60.000	0.097
60.000	0.071
60.000	0.050
60.000	0.036
60.000	0.056
60.000	-0.003
60.000	0.069
60.000	0.043
60.000	0.003
60.000	-0.006
60.000	0.048
60.000	0.075
60.000	0.059
60.000	0.071
60.000	0.012
60.000	0.051
60.000	0.080
60.000	0.057
60.000	0.079
60.000	0.079
60.000	0.088
60.000	0.010
60.000	0.074
60.000	0.068
60.000	0.066
60.000	0.026
60.000	0.098
60.000	0.025
60.000	0.069
60.000	0.097
60.000	0.058
60.000	0.074
60.000	0.022
60.000	0.056
60.000	0.004
60.000	0.091
60.000	0.052
60.000	0.039
60.000	0.078
60.000	0.059
60.000	-0.016
60.000	0.043
60.000	0.010
60.000	0.073
60.000	0.082
60.000	0.080
60.000	-0.006
60.000	0.032
60.000	0.063
60.000	0.017
60.000	0.042
60.000	0.076
60.000	0.017
60.000	0.024
60.000	0.063
60.000	0.073
60.000	0.041
60.000	0.059
60.000	0.058
60.000	0.055
60.000	0.025
60.000	0.048
60.000	0.062
60.000	0.035
60.000	0.081
60.000	-0.004
60.000	0.036
60.000	0.024
60.000	0.044
60.000	-0.006
60.000	0.066
60.000	0.059
60.000	0.075
60.000	0.031
60.000	0.031
60.000	0.012
60.000	0.091
60.000	0.084
60.000	0.039
60.000	0.022
60.000	-0.002
60.000	0.025
60.000	0.078
60.000	0.079
60.000	0.077
60.000	0.081
60.000	0.094
60.000	0.052
60.000	0.055
60.000	0.053
60.000	0.045
60.000	-0.001
60.000	0.040
60.000	0.033
60.000	0.037
60.000	0.053
60.000	0.000
60.000	0.027
60.000	0.062
60.000	0.056
60.000	0.027
60.000	0.025
60.000	0.039
60.000	0.031
60.000	0.013
60.000	-0.008
60.000	-0.003
60.000	-0.008
60.000	0.044
60.000	0.071
60.000	0.059
60.000	0.040
60.000	0.048
60.000	0.029
60.000	-0.011
60.000	-0.018
60.000	-0.031
60.000	0.063
60.000	0.024
60.000	0.055
60.000	0.011
60.000	0.045
60.000	0.081
60.000	0.055
60.000	0.024
60.000	0.083
60.000	0.131
60.000	0.066
60.000	0.084
60.000	0.097
60.000	0.114
60.000	0.093
60.000	0.107
60.000	0.060
60.000	0.139
60.000	0.123
60.000	0.143
60.000	0.108
60.000	0.077
60.000	0.084
60.000	0.078
60.000	0.095
60.000	0.109
60.000	0.073
60.000	0.126
60.000	0.108
60.000	0.129
60.000	0.083
60.000	0.113
60.000	0.055
60.000	0.116
60.000	0.102
58.372	0.078
58.372	0.055
58.372	0.089
58.372	0.030
58.372	0.048
58.372	0.069
58.372	0.001
58.372	0.042
58.372	0.029
58.372	0.022
58.372	0.065
58.372	0.083
58.372	0.064
58.372	0.028
58.372	0.013
57.183	0.068
57.183	0.023
57.183	-0.024
57.183	0.071
57.183	0.069
57.183	0.010
57.183	0.063
57.183	-0.008
57.183	0.035
57.183	-0.019
57.183	0.011
57.183	0.038
57.183	-0.020
57.183	0.001
57.183	-0.014
57.183	0.038
57.183	0.060
57.072	0.032
57.072	0.019
57.072	-0.020
57.072	0.042
57.072	0.034
57.072	0.047
57.072	0.061
57.072	0.016
57.072	-0.046
57.072	-0.005
57.072	-0.036
57.072	0.002
57.072	-0.057
57.072	-0.058
57.072	0.007
57.072	0.047
57.072	-0.035
57.072	-0.005
57.072	-0.042
57.073	-0.038
57.073	-0.046
57.073	-0.000
57.073	0.050
57.073	-0.004
57.073	-0.056
57.073	-0.002
57.073	0.032
57.073	-0.049
57.073	-0.077
57.073	-0.020
57.073	-0.011
57.073	0.010
57.073	0.033
57.073	-0.022
57.073	0.016
57.075	-0.034
57.075	-0.054
57.075	-0.027
57.075	-0.026
57.075	-0.029
57.075	0.003
57.075	0.021
57.075	0.046
57.075	0.064
57.075	0.009
57.075	0.017
57.075	-0.013
57.075	0.013
57.075	0.011
57.075	0.013
57.075	0.060
57.075	0.020
57.075	-0.040
57.075	-0.047
57.075	0.006
57.075	0.036
57.075	-0.028
57.075	0.042
57.075	0.035
57.075	-0.035
57.075	-0.018
57.075	-0.028
57.075	0.005
57.075	-0.027
57.075	-0.006
57.075	0.025
57.075	0.023
57.076	0.004
57.076	0.021
57.076	0.002
57.076	0.071
57.076	0.072
57.076	-0.012
57.076	-0.004
57.076	0.007
57.076	0.010
57.076	0.024
57.076	-0.008
57.076	0.082
57.076	0.069
57.076	0.004
57.076	-0.007
57.076	0.054
57.076	0.069
56.083	0.077
56.083	0.048
56.083	0.068
56.083	0.034
56.083	0.065
56.083	0.116
56.083	0.080
56.083	0.075
56.083	0.077
56.083	0.104
56.083	0.046
56.083	0.076
56.083	0.103
56.083	0.070
56.083	0.036
53.342	0.099
53.342	0.021
53.342	-0.004
53.342	0.087
53.342	0.093
53.342	0.062
53.342	0.104
53.342	0.121
53.342	0.076
53.342	0.023
53.342	0.014
53.342	0.139
53.342	0.059
53.342	0.082
53.342	0.036
50.419	0.024
50.419	0.070
50.419	0.043
50.419	0.085
50.419	-0.012
50.419	0.013
50.419	-0.009
50.419	0.082
50.419	-0.015
50.419	0.023
50.419	-0.000
50.419	-0.023
50.419	-0.003
50.419	0.040
50.419	0.063
50.419	-0.029
50.419	-0.037
47.533	0.021
47.533	0.014
47.533	-0.012
47.533	0.001
47.533	-0.056
47.533	-0.083
47.533	0.038
47.533	-0.031
47.533	-0.014
47.533	-0.065
47.533	-0.012
47.533	-0.005
47.533	0.041
47.533	-0.042
47.533	-0.003
47.533	-0.032
47.533	-0.062
44.511	-0.011
44.511	0.005
44.511	-0.013
44.511	-0.081
44.511	-0.001
44.511	-0.023
44.511	0.032
44.511	-0.031
44.511	-0.047
44.511	-0.048
44.511	-0.043
44.511	-0.063
44.511	-0.021
44.511	-0.056
44.511	-0.057
44.511	-0.019
43.247	0.001
43.247	-0.009
43.247	-0.032
43.247	-0.071
43.247	0.008
43.247	-0.038
43.247	-0.070
43.247	-0.006
43.247	-0.052
43.247	-0.101
43.247	-0.066
43.247	-0.096
43.247	-0.042
43.247	-0.043
43.247	-0.082
43.247	-0.081
43.247	-0.027
43.246	-0.077
43.246	-0.043
43.246	-0.088
43.246	-0.110
43.246	-0.099
43.246	-0.086
43.246	-0.049
43.246	-0.107
43.246	-0.004
43.246	-0.065
43.246	-0.030
43.246	-0.085
43.246	-0.150
43.246	-0.062
43.246	-0.075
43.246	-0.067
43.215	-0.071
43.215	-0.093
43.215	-0.042
43.215	-0.071
43.215	-0.137
43.215	-0.091
43.215	-0.080
43.215	-0.088
43.215	-0.056
43.215	-0.067
43.215	-0.076
43.215	-0.034
43.215	-0.134
43.215	-0.060
43.215	-0.040
43.215	-0.108
43.215	-0.046
43.015	-0.083
43.015	-0.077
43.015	-0.128
43.015	-0.150
43.015	-0.077
43.015	-0.097
43.015	-0.136
43.015	-0.093
43.015	-0.106
43.015	-0.076
43.015	-0.200
43.015	-0.184
43.015	-0.228
43.015	-0.263
41.059	-0.256
41.059	-0.348
41.059	-0.300
41.059	-0.335
41.059	-0.394
41.059	-0.369
41.059	-0.428
41.059	-0.461
41.059	-0.516
41.059	-0.521
41.059	-0.632
41.059	-0.614
41.059	-0.682
41.059	-0.724
41.059	-0.726
41.059	-0.866
38.337	-0.864
38.337	-0.915
38.337	-0.880
38.337	-1.002
38.337	-1.171
38.337	-0.923
38.337	-1.012
38.337	-1.199
38.337	-1.210
38.337	-1.267
38.337	-1.278
38.337	-1.384
38.337	-1.401
38.337	-1.490
38.337	-1.496
38.337	-1.496
38.337	-1.600
38.337	-1.576
38.337	-1.675
38.337	-1.690
35.460	-1.764
35.460	-1.831
35.460	-1.855
35.460	-1.840
35.460	-1.854
35.460	-1.918
35.460	-1.975
35.460	-1.941
35.460	-2.062
35.460	-1.986
35.460	-1.984
35.460	-2.046
35.460	-2.076
35.460	-1.986
35.460	-1.955
35.460	-2.260
35.460	-2.162
32.621	-2.168
32.621	-2.149
32.621	-2.150
32.621	-2.203
32.621	-2.126
32.621	-2.156
32.621	-2.124
32.621	-2.169
32.621	-2.167
32.621	-2.130
32.621	-2.207
32.621	-2.123
32.621	-2.160
32.621	-2.056
32.621	-2.030
32.042	-2.077
32.042	-2.141
32.042	-2.085
32.042	-2.021
32.042	-2.138
32.042	-2.063
32.042	-1.995
32.042	-2.085
32.042	-2.093
32.042	-1.986
32.042	-2.032
32.042	-2.047
32.042	-2.073
32.042	-1.997
32.042	-2.119
32.042	-1.781
32.042	-1.876
32.042	-1.994
31.980	-1.977
31.980	-1.975
31.980	-2.010
31.980	-1.955
31.980	-1.974
31.980	-1.923
31.980	-1.921
31.980	-1.944
31.980	-1.937
31.980	-2.047
31.980	-1.768
31.980	-1.876
31.980	-1.863
31.980	-1.862
31.980	-1.842
31.980	-1.875
31.978	-1.809
31.978	-1.881
31.978	-1.877
31.978	-1.846
31.978	-1.874
31.978	-1.889
31.978	-2.003
31.978	-1.627
31.978	-1.690
31.978	-1.770
31.978	-1.687
31.978	-2.034
31.978	-1.939
31.978	-1.891
31.978	-1.813
31.978	-1.862
31.978	-1.817
31.977	-1.865
31.977	-1.828
31.977	-1.919
31.977	-1.876
31.977	-1.781
31.977	-1.831
31.977	-1.710
31.977	-2.078
31.977	-1.850
31.977	-1.902
31.977	-1.909
31.977	-1.937
31.977	-1.950
31.977	-1.890
31.977	-1.933
31.975	-1.905
31.975	-1.942
31.975	-1.898
31.975	-1.857
31.975	-1.778
31.975	-2.258
31.975	-1.778
31.975	-1.893
31.975	-1.913
31.975	-1.916
31.975	-1.871
31.975	-1.856
31.975	-1.938
31.975	-1.914
31.975	-1.894
31.975	-1.906
31.975	-1.911
31.975	-1.888
31.975	-1.885
31.936	-1.911
31.936	-1.844
31.936	-1.906
31.936	-1.861
31.936	-1.916
31.936	-1.837
31.936	-1.875
31.936	-1.906
31.936	-1.825
31.936	-1.894
31.936	-1.908
31.936	-1.898
31.936	-1.882
31.936	-1.909
31.904	-1.844
31.904	-1.871
31.904	-1.723
31.904	-2.080
31.904	-1.885
31.904	-1.935
31.904	-1.868
31.904	-1.911
31.904	-1.900
31.904	-2.066
31.904	-1.731
31.904	-1.798
31.904	-1.824
31.904	-1.860
31.904	-1.849
31.904	-1.879
31.902	-1.867
31.902	-1.818
31.902	-1.854
31.902	-1.853
31.902	-1.887
31.902	-1.835
31.902	-1.848
31.902	-1.827
31.902	-1.880
31.902	-1.861
31.902	-1.851
31.902	-1.906
31.902	-1.860
31.902	-1.842
31.902	-1.858
31.902	-1.833
31.902	-1.906
31.853	-1.833
31.853	-1.887
31.853	-1.851
31.853	-1.891
31.853	-1.849
31.853	-1.858
31.853	-1.641
31.853	-2.004
31.853	-1.877
31.853	-1.947
31.853	-1.880
31.853	-1.898
31.853	-1.891
31.853	-1.904
31.853	-1.999
31.853	-1.913
31.853	-1.904
31.382	-1.981
31.382	-1.972
31.382	-1.960
31.382	-1.906
31.382	-1.927
31.382	-1.931
31.382	-1.922
31.382	-1.880
31.382	-1.977
31.382	-1.959
31.382	-1.983
31.382	-1.860
31.382	-1.899
31.382	-1.970
31.382	-1.882
31.382	-1.892
30.886	-1.906
30.886	-1.913
30.886	-1.869
30.886	-1.997
30.886	-1.962
30.886	-1.970
30.886	-1.968
30.886	-1.995
30.886	-1.951
30.886	-2.036
30.886	-2.017
30.886	-1.901
30.886	-2.001
30.886	-2.007
30.886	-1.908
30.886	-1.965
30.886	-1.961
30.886	-1.987
30.765	-1.974
30.765	-1.977
30.765	-2.044
30.765	-2.021
30.765	-1.859
30.765	-1.934
30.765	-1.980
30.765	-2.017
30.765	-2.005
30.765	-2.009
30.765	-1.989
30.765	-1.994
30.765	-2.040
30.765	-1.967
30.765	-2.055
30.764	-1.996
30.764	-2.060
30.764	-2.081
30.764	-1.947
30.764	-2.005
30.764	-2.178
30.764	-1.773
30.764	-1.907
30.764	-1.954
30.764	-1.874
30.764	-1.971
30.764	-1.982
30.764	-1.920
30.764	-1.923
30.764	-1.968
30.764	-1.920
30.764	-1.947
30.764	-1.834
30.764	-1.956
30.764	-2.039
30.764	-1.927
30.764	-1.906
30.764	-1.924
30.764	-1.921
30.764	-1.950
30.764	-2.000
30.764	-1.919
30.764	-1.947
30.764	-2.015
30.764	-1.982
30.764	-1.992
30.764	-1.924
30.764	-1.960
30.764	-1.999
30.814	-1.926
30.814	-1.782
30.814	-2.151
30.814	-2.006
30.814	-2.018
30.814	-2.069
30.814	-2.019
30.814	-2.015
30.814	-2.073
30.814	-2.054
30.814	-2.033
30.814	-2.115
30.814	-2.025
30.814	-2.093
30.814	-1.990
30.814	-2.000
30.814	-2.106
30.816	-2.042
30.816	-2.128
30.816	-2.014
30.816	-2.030
30.816	-2.024
30.816	-2.057
30.816	-2.030
30.816	-1.990
30.816	-1.991
30.816	-2.037
30.816	-2.004
30.816	-1.944
30.816	-2.000
30.816	-1.961
30.842	-1.993
30.842	-1.955
30.842	-1.985
30.842	-2.050
30.842	-1.988
30.842	-2.002
30.842	-2.024
30.842	-1.964
30.842	-1.955
30.842	-1.948
30.842	-1.939
30.842	-2.093
30.842	-1.748
30.842	-1.848
30.842	-1.937
30.842	-1.872
30.842	-1.888
30.842	-1.864
30.843	-1.896
30.843	-1.925
30.843	-1.976
30.843	-1.687
30.843	-1.875
30.843	-1.651
30.843	-1.700
30.843	-1.703
30.843	-1.743
30.843	-1.952
30.843	-1.569
30.843	-1.699
30.843	-1.674
30.843	-1.774
30.843	-1.739
30.843	-1.712
30.843	-1.773
30.843	-1.696
30.845	-1.731
30.845	-1.754
30.845	-1.707
30.845	-1.752
30.845	-1.731
30.845	-1.678
30.845	-1.947
30.845	-1.793
30.845	-1.821
30.845	-1.842
30.845	-1.854
30.845	-1.824
30.845	-1.875
30.845	-1.742
30.845	-1.761
30.845	-1.996
30.845	-1.817
30.816	-2.124
30.816	-2.000
30.816	-2.086
30.816	-1.995
30.816	-1.832
30.816	-2.190
30.816	-2.095
30.816	-2.251
30.816	-1.848
30.816	-1.974
30.816	-1.983
30.816	-1.972
30.816	-2.018
30.816	-2.047
30.816	-2.050
30.007	-2.043
30.007	-2.012
30.007	-1.993
30.007	-1.985
30.007	-2.058
30.007	-2.071
30.007	-2.023
30.007	-2.045
30.007	-2.029
30.007	-2.094
30.007	-2.031
30.007	-2.250
30.007	-2.009
30.007	-1.739
30.007	-1.905
30.007	-1.933
30.007	-2.030
30.007	-1.951
30.007	-2.071
29.740	-2.039
29.740	-2.066
29.740	-1.917
29.740	-1.861
29.740	-2.206
29.740	-2.162
29.740	-2.151
29.740	-2.145
29.740	-2.184
29.740	-2.092
29.740	-2.119
29.740	-2.163
29.740	-2.146
29.740	-2.169
29.740	-2.097
29.740	-2.160
29.180	-2.087
29.180	-2.118
29.180	-2.148
29.180	-2.240
29.180	-2.124
29.180	-2.122
29.180	-1.833
29.180	-2.219
29.180	-2.383
29.180	-2.257
29.180	-2.303
29.180	-2.200
29.180	-2.275
29.180	-2.194
29.180	-2.226
29.180	-2.224
29.180	-2.240
29.223	-2.384
29.223	-1.974
29.223	-2.046
29.223	-2.192
29.223	-2.146
29.223	-2.172
29.223	-2.182
29.223	-2.155
29.223	-2.215
29.223	-2.179
29.223	-2.132
29.223	-2.258
29.223	-2.158
29.223	-2.283
29.223	-2.249
29.223	-2.394
29.221	-1.915
29.221	-2.136
29.221	-2.083
29.221	-2.218
29.221	-2.113
29.221	-2.232
29.221	-2.157
29.221	-2.226
29.221	-2.238
29.221	-2.165
29.221	-2.212
29.221	-2.204
29.221	-2.114
29.221	-2.189
29.221	-2.044
29.221	-2.440
29.221	-2.255
29.221	-2.201
28.597	-2.439
28.597	-2.016
28.597	-2.101
28.597	-2.226
28.597	-2.179
28.597	-2.230
28.597	-2.232
28.597	-2.256
28.597	-2.199
28.597	-2.321
28.597	-1.889
28.597	-1.944
28.597	-2.286
28.597	-2.174
28.597	-2.229
28.597	-2.225
28.597	-2.215
28.243	-2.246
28.243	-2.288
28.243	-2.250
28.243	-2.236
28.243	-2.211
28.243	-2.219
28.243	-2.223
28.243	-2.286
28.243	-2.257
28.243	-2.205
28.243	-2.283
28.243	-2.297
28.243	-2.191
28.243	-2.236
28.243	-2.239
28.243	-2.269
28.305	-2.255
28.305	-2.262
28.305	-2.289
28.305	-2.296
28.305	-2.175
28.305	-2.241
28.305	-2.051
28.305	-2.684
28.305	-2.093
28.305	-2.419
28.305	-2.135
28.305	-2.066
28.305	-1.788
28.305	-2.162
28.305	-1.917
28.305	-1.627
28.305	-1.953
28.305	-1.815
28.305	-1.733
28.305	-1.605
28.305	-1.521
28.305	-1.423
28.305	-1.353
28.147	-1.340
28.147	-1.161
28.147	-1.079
28.147	-0.878
28.147	-1.058
28.147	-1.127
28.147	-1.247
28.147	-1.044
28.147	-0.937
28.147	-0.835
28.147	-0.759
28.147	-0.709
28.147	-0.609
28.147	-0.517
28.147	-0.244
28.147	-0.342
28.147	-0.452
28.147	-0.336
28.147	-0.736
28.147	-0.546
28.147	-0.554
28.147	-0.620
28.147	-0.482
28.147	-0.529
28.147	-0.557
28.147	-0.311
28.147	-0.775
28.147	-0.641
28.147	-0.586
28.147	-0.391
28.147	-0.852
28.147	-0.605
28.147	-0.997
28.147	-1.002
28.147	-0.607
27.329	-0.852
27.329	-0.426
27.329	-0.588
27.329	-0.405
27.329	-0.872
27.329	-0.746
27.329	-0.692
27.329	-0.675
27.329	-0.689
27.329	-0.747
27.329	-0.895
27.329	-0.300
27.329	-1.016
27.329	-0.554
27.329	-0.788
27.329	-0.167
27.329	-0.688
27.329	-1.120
27.329	-0.289
27.329	-0.967
27.329	-0.936
27.329	-0.391
27.329	-0.580
27.329	-0.456
27.329	-0.849
27.329	-0.849
27.329	-0.941
27.329	-0.477
27.329	-0.598
27.201	-0.593
27.201	-0.603
27.201	-0.629
27.201	-0.687
27.201	-0.812
27.201	-0.344
27.201	-0.526
27.201	-0.523
27.201	-0.521
27.201	-0.522
27.201	-0.534
27.201	-0.574
27.201	-0.675
27.201	-0.280
27.201	-0.287
27.201	-0.801
27.201	-0.858
27.201	-0.472
27.201	-0.263
27.201	-0.548
27.201	-0.042
27.201	-0.051
27.201	-0.594
27.201	-0.339
27.201	-0.981
27.201	-0.504
27.201	-0.088
27.201	-0.268
27.201	-0.262
27.201	-0.263
27.201	-0.072
27.201	-0.579
27.201	-0.451
27.201	-0.181
27.201	-0.716
27.201	-0.347
27.201	-0.834
27.201	-0.662
27.201	-0.590
27.201	-0.562
26.500	-0.556
26.500	-0.564
26.500	-0.588
26.500	-0.641
26.500	-0.759
26.500	-0.122
26.500	-0.795
26.500	-0.665
26.500	-0.616
26.500	-0.617
26.500	-0.466
26.500	-1.156
26.500	-0.561
26.500	-0.616
26.500	-0.619
26.500	-0.662
26.500	-0.375
26.500	-0.922
26.500	-0.583
26.500	-1.103
26.500	-1.082
26.500	-0.544
26.500	-0.587
26.500	-1.279
26.500	-0.652
26.500	-0.765
26.500	-0.690
26.500	-0.769
26.500	-0.492
26.500	-1.036
26.500	-0.668
26.500	-1.150
26.383	-0.799
26.383	-1.239
26.383	-0.960
26.383	-1.284
26.383	-1.158
26.383	-0.965
26.383	-1.214
26.383	-1.434
26.383	-1.910
26.383	-0.971
26.383	-1.486
26.383	-1.784
26.383	-1.344
26.383	-1.948
26.383	-1.743
26.383	-1.563
26.383	-1.593
26.383	-1.311
26.383	-1.745
26.383	-2.085
26.383	-1.821
26.383	-1.585
26.415	-1.926
26.415	-2.201
26.415	-1.822
26.415	-2.183
26.415	-2.446
26.415	-1.986
26.415	-2.449
26.415	-2.091
26.415	-2.541
26.415	-2.222
26.415	-2.899
26.415	-2.193
26.415	-2.142
26.415	-2.727
26.415	-2.519
26.415	-2.467
26.415	-2.492
26.415	-2.503
26.416	-2.467
26.416	-2.489
26.416	-2.485
26.416	-2.298
26.416	-2.677
26.416	-2.429
26.416	-2.890
26.416	-2.683
26.416	-2.609
26.416	-2.463
26.416	-3.013
26.416	-2.751
26.416	-2.824
26.416	-2.772
26.416	-2.798
26.416	-2.780
26.416	-2.775
26.416	-2.817
26.416	-2.851
26.416	-2.786
26.416	-2.804
26.418	-2.758
26.418	-2.601
26.418	-3.139
26.418	-2.951
26.418	-2.881
26.418	-2.924
26.418	-2.848
26.418	-2.734
26.418	-3.466
26.418	-2.714
26.418	-2.840
26.418	-2.868
26.418	-2.928
26.418	-2.982
26.418	-2.984
26.418	-2.958
26.418	-2.961
26.418	-2.915
26.418	-3.025
26.418	-2.923
26.418	-3.004
26.418	-2.965
26.418	-2.959
26.418	-2.959
26.418	-2.978
26.416	-3.015
26.416	-2.978
26.416	-2.958
26.416	-3.060
26.416	-2.977
26.416	-2.952
26.416	-2.961
26.416	-2.925
26.416	-2.999
26.416	-3.022
26.416	-2.948
26.416	-2.963
26.416	-2.874
26.416	-2.771
26.416	-3.197
26.416	-3.068
26.416	-3.048
26.416	-3.020
26.416	-3.049
26.416	-2.973
26.415	-2.992
26.415	-3.001
26.415	-2.940
26.415	-2.848
26.415	-2.891
26.415	-2.862
26.415	-2.871
26.415	-2.813
26.415	-2.810
26.415	-2.767
26.415	-2.703
26.415	-2.720
26.415	-2.660
26.415	-2.541
26.415	-2.581
27.425	-2.551
27.425	-2.494
27.425	-2.484
27.425	-2.376
27.425	-2.361
27.425	-2.267
27.425	-2.290
27.425	-2.231
27.425	-2.109
27.425	-2.197
27.425	-2.110
27.425	-2.002
27.425	-1.942
27.425	-1.884
27.425	-1.915
27.425	-1.870
27.425	-1.809
30.086	-1.790
30.086	-1.773
30.086	-1.685
30.086	-1.624
30.086	-1.562
30.086	-1.627
30.086	-1.482
30.086	-1.444
30.086	-1.454
30.086	-1.380
30.086	-1.357
30.086	-1.353
30.086	-1.226
30.086	-1.262
30.086	-1.281
33.121	-1.203
33.121	-1.165
33.121	-1.110
33.121	-1.156
33.121	-1.029
33.121	-1.060
33.121	-1.044
33.121	-0.916
33.121	-0.910
33.121	-0.931
33.121	-0.894
33.121	-0.807
33.121	-0.784
33.121	-0.710
33.121	-0.710
33.121	-0.701
33.121	-0.638
35.955	-0.640
35.955	-0.620
35.955	-0.625
35.955	-0.444
35.955	-0.523
35.955	-0.533
35.955	-0.457
35.955	-0.432
35.955	-0.440
35.955	-0.396
35.955	-0.417
35.955	-0.357
35.955	-0.361
35.955	-0.286
35.955	-0.283
35.955	-0.314
35.955	-0.272
35.955	-0.230
38.787	-0.175
38.787	-0.206
38.787	-0.221
38.787	-0.145
38.787	-0.210
38.787	-0.188
38.787	-0.238
38.787	-0.132
38.787	-0.209
38.787	-0.108
38.787	-0.141
38.787	-0.134
38.787	-0.104
38.787	-0.115
38.787	-0.154
41.697	-0.140
41.697	-0.167
41.697	-0.039
41.697	-0.097
41.697	-0.092
41.697	-0.084
41.697	-0.095
41.697	-0.118
41.697	-0.073
41.697	0.015
41.697	-0.126
41.697	-0.084
41.697	-0.044
41.697	-0.085
41.697	-0.115
44.649	-0.119
44.649	-0.018
44.649	-0.099
44.649	-0.054
44.649	-0.030
44.649	-0.036
44.649	0.015
44.649	-0.046
44.649	0.053
44.649	-0.104
44.649	-0.053
44.649	-0.000
44.649	-0.039
44.649	0.002
44.649	-0.010
44.649	-0.047
44.649	0.039
47.488	-0.071
47.488	-0.037
47.488	-0.117
47.488	-0.045
47.488	-0.065
47.488	-0.085
47.488	-0.083
47.488	-0.161
47.488	-0.010
47.488	-0.110
47.488	-0.064
47.488	-0.021
47.488	-0.062
47.488	-0.019
47.488	-0.046
47.488	-0.014
47.488	-0.134
50.463	-0.106
50.463	-0.056
50.463	-0.094
50.463	-0.108
50.463	-0.107
50.463	-0.001
50.463	-0.084
50.463	-0.157
50.463	-0.065
50.463	-0.074
50.463	-0.009
50.463	-0.070
50.463	-0.073
50.463	-0.097
50.463	-0.049
50.463	-0.051
53.454	-0.016
53.454	-0.007
53.454	-0.037
53.454	-0.019
53.454	-0.004
53.454	-0.037
53.454	0.030
53.454	-0.019
53.454	-0.016
53.454	0.043
53.454	-0.065
53.454	-0.078
53.454	-0.042
53.454	0.075
53.454	0.018
53.454	-0.020
53.454	-0.033
56.352	-0.013
56.352	-0.002
56.352	-0.000
56.352	0.009
56.352	0.093
56.352	0.007
56.352	0.027
56.352	-0.067
56.352	-0.075
56.352	-0.020
56.352	-0.024
56.352	-0.046
56.352	0.035
56.352	-0.041
56.352	0.001
58.700	-0.035
58.700	0.000
58.700	0.013
58.700	-0.037
58.700	-0.045
58.700	0.021
58.700	-0.007
58.700	-0.048
58.700	0.079
58.700	0.036
58.700	-0.019
58.700	-0.077
58.700	0.019
58.700	-0.059
58.700	-0.002
58.926	0.009
58.926	-0.027
58.926	-0.065
58.926	-0.017
58.926	-0.038
58.926	-0.024
58.926	-0.018
58.926	0.034
58.926	0.063
58.926	-0.019
58.926	0.009
58.926	-0.014
58.926	0.005
58.926	-0.011
58.926	-0.050
58.926	0.040
58.926	0.011
58.924	-0.046
58.924	0.020
58.924	0.056
58.924	-0.000
58.924	0.027
58.924	0.001
58.924	-0.122
58.924	0.022
58.924	-0.037
58.924	-0.040
58.924	-0.009
58.924	-0.017
58.924	-0.022
58.924	-0.023
58.924	0.035
58.924	0.067
58.924	0.041
58.924	-0.063
58.924	0.018
58.892	0.023
58.892	-0.067
58.892	-0.028
58.892	-0.055
58.892	-0.013
58.892	-0.004
58.892	-0.124
58.892	-0.036
58.892	-0.004
58.892	-0.073
58.892	-0.095
58.892	-0.021
58.892	-0.065
58.892	-0.082
58.891	-0.132
58.891	-0.096
58.891	-0.080
58.891	0.028
58.891	-0.097
58.891	0.005
58.891	-0.016
58.891	-0.076
58.891	0.060
58.891	-0.006
58.891	-0.042
58.891	-0.033
58.891	-0.043
58.891	0.011
58.891	0.042
58.891	-0.024
58.891	-0.071
58.891	-0.008
58.889	-0.076
58.889	0.045
58.889	-0.023
58.889	0.048
58.889	0.085
58.889	-0.020
58.889	0.061
58.889	0.048
58.889	0.004
58.889	0.081
58.889	0.071
58.889	0.075
58.889	0.107
58.889	0.111
58.889	0.032
58.889	0.038
58.889	0.089
58.889	0.035
58.889	0.006
58.889	0.093
58.889	0.020
58.889	0.040
58.889	0.092
58.889	0.063
58.889	0.070
58.889	0.009
58.889	0.030
58.889	0.046
58.889	0.074
58.889	0.111
58.889	0.055
58.889	0.036
58.888	0.109
58.888	-0.034
58.888	0.008
58.888	0.087
58.888	-0.001
58.888	0.088
58.888	0.091
58.888	-0.002
58.888	0.028
58.888	-0.022
58.888	0.010
58.888	-0.024
58.888	0.103
58.888	-0.047
58.888	0.004
58.886	0.018
58.886	0.003
58.886	0.011
58.886	0.040
58.886	0.026
58.886	0.003
58.886	0.021
58.886	0.025
58.886	0.032
58.886	0.039
58.886	-0.015
58.886	-0.003
58.886	-0.008
58.886	-0.002
58.886	0.007
58.886	-0.040
58.886	0.081
58.885	0.038
58.885	-0.008
58.885	0.022
58.885	0.031
58.885	-0.032
58.885	0.011
58.885	0.022
58.885	0.010
58.885	-0.026
58.885	0.021
58.885	-0.016
58.885	0.010
58.885	0.010
58.885	0.094
58.885	0.099
58.885	0.017
58.885	0.027
58.885	0.069
58.885	0.058
58.885	-0.009
58.885	0.014
58.885	0.054
58.885	-0.027
58.885	0.083
58.885	0.054
58.885	-0.011
58.885	0.058
58.885	0.007
58.885	0.105
58.885	0.034
58.885	0.033
58.883	0.065
58.883	0.025
58.883	0.044
58.883	0.079
58.883	0.021
58.883	-0.015
58.883	0.085
58.883	0.086
58.883	0.000
58.883	0.071
58.883	0.049
58.883	0.004
58.883	-0.001
58.883	0.039
58.885	-0.001
58.885	-0.042
58.885	0.001
58.885	-0.017
58.885	0.063
58.885	0.021
58.885	-0.060
58.885	0.046
58.885	-0.035
58.885	0.027
58.885	0.005
58.885	-0.031
58.885	0.035
58.885	-0.035
58.885	0.032
58.885	0.011
58.885	-0.034
58.883	-0.001
58.883	-0.040
58.883	-0.034
58.883	-0.018
58.883	-0.002
58.883	-0.043
58.883	-0.017
58.883	0.036
58.883	-0.042
58.883	0.059
58.883	0.043
58.883	-0.020
58.883	-0.024
58.883	0.003
58.883	0.104
58.885	-0.015
58.885	0.037
58.885	-0.033
58.885	0.021
58.885	0.062
58.885	-0.001
58.885	-0.039
58.885	0.003
58.885	0.084
58.885	0.059
58.885	-0.017
58.885	0.018
58.885	0.009
58.885	-0.006
58.885	0.049
58.885	0.029
58.885	-0.001
58.885	0.046
58.883	0.021
58.883	0.013
58.883	0.049
58.883	0.022
58.883	-0.028
58.883	0.025
58.883	0.031
58.883	0.023
58.883	0.002
58.883	0.004
58.883	0.015
58.883	0.020
58.883	0.015
58.883	-0.031
58.883	0.031
58.883	0.007
58.883	0.027
58.883	0.041
58.883	0.016
58.883	0.019
58.883	-0.011
58.883	-0.004
58.883	-0.003
58.883	-0.004
58.883	-0.012
58.883	-0.005
58.883	-0.036
58.883	0.040
58.883	-0.007
58.883	-0.014
58.883	-0.046
58.883	-0.036
58.885	0.024
58.885	0.026
58.885	0.002
58.885	0.038
58.885	-0.012
58.885	-0.020
58.885	0.060
58.885	0.008
58.885	0.042
58.885	-0.041
58.885	0.059
58.885	0.034
58.885	0.024
58.885	0.026
58.886	0.029
58.886	0.011
58.886	0.074
58.886	-0.014
58.886	0.052
58.886	0.037
58.886	-0.017
58.886	-0.024
58.886	0.052
58.886	0.060
58.886	-0.028
58.886	-0.053
58.886	0.044
58.886	-0.021
58.886	-0.001
58.886	-0.005
58.886	-0.034
58.886	0.025
58.924	0.004
58.924	-0.077
58.924	-0.066
58.924	0.039
58.924	-0.061
58.924	0.050
58.924	-0.093
58.924	-0.026
58.924	-0.075
58.924	-0.053
58.924	-0.034
58.924	-0.063
58.924	-0.086
58.924	-0.057
58.924	-0.068
58.926	-0.084
58.926	-0.038
58.926	-0.057
58.926	0.023
58.926	-0.036
58.926	-0.078
58.926	-0.034
58.926	-0.033
58.926	-0.048
58.926	-0.097
58.926	0.012
58.926	0.049
58.926	0.045
58.926	-0.035
58.926	-0.052
58.926	-0.035
58.926	0.040
58.926	0.043
58.952	-0.063
58.952	0.010
58.952	-0.101
58.952	0.072
58.952	-0.027
58.952	-0.021
58.952	0.051
58.952	0.039
58.952	-0.001
58.952	0.021
58.952	0.008
58.952	0.047
58.952	0.070
58.952	0.016
58.953	-0.041
58.953	0.022
58.953	-0.014
58.953	-0.020
58.953	0.005
58.953	0.021
58.953	-0.016
58.953	0.016
58.953	-0.031
58.953	-0.036
58.953	-0.022
58.953	-0.000
58.953	0.046
58.953	0.017
58.953	-0.063
58.953	-0.058
58.953	0.069
58.953	-0.032
58.955	0.054
58.955	-0.022
58.955	0.041
58.955	0.021
58.955	-0.044
58.955	-0.029
58.955	0.057
58.955	0.064
58.955	0.031
58.955	-0.029
58.955	-0.000
58.955	-0.061
58.955	0.054
58.955	-0.048
58.955	0.013
58.984	0.078
58.984	-0.046
58.984	-0.003
58.984	0.020
58.984	-0.052
58.984	0.003
58.984	-0.001
58.984	-0.013
58.984	-0.023
58.984	-0.065
58.984	0.017
58.984	0.021
58.984	0.020
58.984	-0.102
58.984	-0.004
58.984	-0.042
58.984	-0.033
58.985	-0.055
58.985	-0.001
58.985	-0.048
58.985	-0.006
58.985	-0.098
58.985	-0.121
58.985	-0.029
58.985	-0.029
58.985	-0.089
58.985	0.002
58.985	-0.052
58.985	-0.001
58.985	-0.060
58.985	-0.120
58.985	-0.088
58.987	-0.092
58.987	-0.076
58.987	0.011
58.987	0.005
58.987	-0.026
58.987	-0.057
58.987	-0.050
58.987	-0.011
58.987	-0.049
58.987	-0.038
58.987	-0.033
58.987	0.046
58.987	0.028
58.987	-0.029
58.987	0.009
58.987	-0.030
58.987	-0.052
59.017	-0.030
59.017	-0.078
59.017	0.053
59.017	0.051
59.017	-0.050
59.017	-0.005
59.017	0.024
59.017	-0.079
59.017	-0.052
59.017	-0.048
59.017	0.012
59.017	-0.057
59.017	0.069
59.017	0.002
59.017	0.040
59.019	-0.028
59.019	-0.086
59.019	-0.045
59.019	-0.026
59.019	0.001
59.019	-0.039
59.019	0.000
59.019	-0.013
59.019	-0.011
59.019	-0.089
59.019	-0.070
59.019	-0.070
59.019	-0.100
59.019	-0.012
59.019	-0.025
59.019	0.021
